248
393
942
990
174
861
330
81
412
572
543
700
196
838
915
824
532
700
790
28
800
875
651
933
348
939
671
536
597
385
580
845
781
499
812
957
335
117
14
747
689
559
422
888
374
314
689
909
1014
454
937
789
307
566
700
655
482
348
167
54
734
749
901
492
223
689
424
560
806
440
282
473
1000
706
336
351
1020
0
235
1011
456
150
778
763
718
453
394
175
801
563
231
512
289
107
1004
514
796
404
49
580
844
333
28
821
14
366
150
11
368
385
1022
824
535
775
565
228
205
961
405
1009
501
636
496
790
744
478
279
515
882
328
70
703
663
100
502
677
466
652
690
834
12
687
636
550
440
176
780
647
114
161
631
615
797
105
382
518
583
661
11
442
991
81
120
629
184
624
283
650
251
973
462
266
637
73
816
54
251
571
702
365
734
310
982
509
415
339
2
1000
1002
13
417
970
97
538
576
281
137
859
933
391
809
370
657
421
445
450
478
696
1023
157
38
733
467
1022
217
885
336
221
860
315
235
253
260
334
793
838
615
932
672
525
298
458
898
955
882
318
382
335
1017
381
492
30
89
961
28
308
821
366
529
657
684
766
910
944
75
678
760
692
585
407
193
886
866
66
816
725
386
176
35
378
557
527
411
648
463
441
958
262
807
464
919
468
206
804
390
283
459
125
976
21
532
146
907
375
214
701
75
600
877
112
981
411
641
367
36
82
808
994
344
592
433
238
36
641
19
426
925
480
551
878
501
60
1
384
438
217
62
515
819
939
628
775
327
244
119
363
326
927
332
670
497
767
910
535
384
929
961
286
384
489
141
888
551
142
249
989
361
311
480
155
227
85
931
554
329
25
917
658
955
226
303
429
993
191
964
354
95
902
640
482
366
783
347
919
927
596
884
263
907
341
419
109
426
327
663
757
354
557
390
284
783
696
713
753
887
654
83
984
531
725
443
899
484
790
794
386
361
653
652
243
996
46
354
397
373
1019
129
727
551
522
1014
309
193
704
38
55
334
123
16
865
848
460
740
309
227
509
698
589
139
325
834
110
373
166
509
746
160
638
450
712
137
439
1023
330
121
36
387
455
161
404
297
1010
866
12
296
70
523
996
659
662
296
471
774
669
639
258
392
799
899
843
488
11
259
487
342
380
525
731
837
687
110
110
674
978
122
972
24
648
944
685
285
215
133
35
887
772
293
254
549
167
74
12
179
336
501
523
718
2
229
531
689
342
641
340
297
765
287
321
388
206
1009
676
424
119
711
286
894
1006
542
418
151
619
432
332
955
934
857
648
936
61
154
602
405
797
944
703
538
208
1
928
415
1010
579
841
107
267
104
1001
251
646
396
404
240
828
736
172
739
570
821
652
631
977
231
12
750
150
717
265
359
718
170
776
706
750
592
813
1019
696
789
247
319
160
651
562
990
364
734
705
934
532
332
543
485
564
557
210
716
249
477
50
967
647
828
648
374
397
436
369
70
202
618
390
364
247
954
332
611
665
12
523
173
346
41
658
912
598
870
606
849
322
656
791
971
462
415
321
859
853
692
930
33
285
297
397
532
226
729
121
891
743
644
39
67
687
699
981
262
544
562
86
868
196
877
815
658
269
111
492
100
805
399
133
67
696
530
600
922
237
723
791
982
342
832
24
6
507
1006
268
26
543
354
897
739
206
687
374
478
800
867
578
582
243
711
649
940
218
226
839
455
949
605
415
268
413
439
274
920
422
542
948
968
896
820
684
80
484
34
558
261
903
113
843
121
824
468
36
19
694
876
477
619
458
892
887
871
306
139
768
731
681
694
674
555
491
333
637
976
367
170
214
247
285
33
369
84
503
407
103
172
260
580
793
719
449
658
567
758
797
311
464
455
1007
113
1010
473
448
624
424
818
794
639
40
56
674
411
140
152
821
246
326
56
828
95
775
253
753
320
1011
527
633
452
984
615
567
970
63
1015
571
490
810
341
106
851
399
782
239
540
934
35
788
235
94
593
332
869
846
60
166
834
589
799
261
549
391
828
496
455
821
42
947
606
385
28
434
785
810
674
302
721
711
67
956
805
660
264
652
482
326
818
293
918
595
555
444
986
360
940
418
156
984
340
763
347
370
174
107
157
850
411
878
537
478
812
319
113
53
971
597
381
767
891
276
337
423
720
300
785
637
719
942
597
36
682
946
407
856
28
566
684
441
422
196
919
211
515
9
266
464
607
647
208
475
926
545
898
621
847
660
236
543
577
835
580
236
756
989
70
786
530
754
202
954
952
98
140
444
107
406
908
716
31
91
168
957
638
43
555
463
704
793
