6
7
6
7
8
9
10
11
10
11
49
50
49
50
49
48
49
50
51
60
59
60
59
60
59
58
59
58
57
56
110
109
110
111
112
111
112
111
112
532
533
534
533
534
533
534
533
808
807
808
809
810
811
77
76
75
76
241
242
241
240
239
238
237
238
239
504
503
504
503
504
503
504
505
685
686
687
686
78
77
78
79
78
77
76
77
78
79
78
388
387
388
389
997
998
999
998
199
200
199
200
199
641
640
641
640
639
638
639
638
639
640
479
478
477
476
475
474
475
476
475
476
99
100
101
102
689
688
687
686
687
686
257
256
257
256
257
502
503
504
503
504
505
504
505
506
507
23
22
21
22
23
24
25
474
473
474
475
474
270
271
270
271
270
269
270
271
272
271
514
513
514
513
654
653
652
651
652
653
862
863
862
861
860
861
862
863
587
588
587
586
587
588
111
112
113
112
111
719
718
717
716
715
714
715
716
715
716
803
802
803
802
803
802
801
802
803
802
402
401
400
401
402
403
404
140
141
142
143
144
145
146
145
146
145
144
890
889
888
887
888
887
888
546
547
548
547
548
549
352
351
352
351
352
351
350
349
348
349
350
254
255
254
253
723
722
721
722
770
771
770
771
770
769
768
769
768
889
890
889
888
889
421
422
423
422
421
420
421
420
938
939
938
937
936
937
938
937
936
935
598
599
598
597
596
597
598
597
596
597
262
261
260
259
357
356
357
356
357
356
817
816
815
816
675
676
677
676
675
676
677
678
677
676
1021
1022
1021
1022
1021
762
761
760
761
294
295
296
295
294
293
292
864
863
864
865
866
867
866
865
864
609
608
609
608
607
606
605
604
603
602
601
331
330
329
330
329
330
331
332
331
330
331
820
819
820
819
818
819
820
821
822
944
945
946
947
948
949
950
951
953
954
955
956
955
954
953
954
394
393
392
391
755
754
755
754
755
754
753
754
755
756
755
415
416
415
414
413
414
413
414
413
412
66
67
68
69
70
652
651
650
651
650
651
650
649
650
649
648
622
621
622
621
620
619
618
617
616
617
492
491
492
493
494
495
544
543
544
545
544
545
544
543
221
220
221
220
221
220
221
412
413
414
413
414
413
414
415
414
343
344
345
346
345
344
343
342
418
417
416
415
414
415
469
468
467
468
469
468
689
690
689
688
687
686
685
684
683
314
315
314
313
314
313
312
311
310
703
702
703
704
703
704
705
704
222
223
222
221
222
221
220
221
220
221
789
790
791
790
791
792
791
792
966
967
966
967
968
969
970
969
968
979
978
977
978
977
976
975
976
977
1015
1016
1015
1016
877
876
875
874
875
876
877
876
875
874
875
863
862
861
862
863
862
863
506
507
506
507
508
509
510
509
794
795
794
793
794
793
794
717
716
717
718
719
718
719
274
273
272
271
272
273
274
275
276
275
274
580
579
578
577
576
575
262
261
260
259
258
493
494
493
492
11
10
9
8
753
754
753
754
753
738
739
738
739
740
741
274
273
274
275
274
275
276
277
278
166
167
168
167
168
167
166
450
451
450
451
247
246
247
248
249
248
247
248
932
931
930
931
932
931
930
929
930
931
932
646
647
646
645
343
344
343
344
345
743
742
741
742
741
742
741
742
743
504
503
504
503
502
501
502
503
596
597
596
595
596
595
594
593
592
591
590
731
730
731
730
731
255
254
253
252
381
380
379
380
379
380
48
49
50
49
50
49
297
298
297
298
299
300
301
302
289
288
289
288
289
290
289
290
291
290
767
766
767
768
767
766
881
882
883
882
883
882
122
123
124
125
124
125
126
127
126
127
545
546
547
548
620
621
620
621
853
854
855
854
855
854
853
852
783
782
783
784
783
784
785
786
256
255
254
255
256
255
254
255
300
299
298
297
296
295
296
297
298
653
654
655
654
655
654
655
656
657
656
655
831
830
829
830
829
828
829
830
565
566
565
564
563
562
563
564
565
564
897
898
897
896
954
955
956
955
954
309
308
309
310
309
308
307
306
305
215
214
215
216
217
218
217
216
217
218
219
14
15
14
15
14
15
14
96
95
96
95
94
95
820
821
820
821
822
821
822
821
822
821
990
991
990
991
990
991
990
204
203
202
203
204
205
206
205
206
207
208
845
846
847
848
847
848
847
846
847
89
90
89
90
89
88
89
88
796
795
794
795
796
797
796
797
796
835
836
835
834
1007
1006
1007
1006
1005
1004
1003
1002
315
316
317
318
317
318
317
316
315
780
781
782
781
782
783
1002
1001
1000
999
998
999
419
420
419
418
417
416
74
73
74
75
