0
341
561
0
93
0
250
445
0
536
42
195
123
1002
846
693
758
377
156
0
660
85
898
243
68
657
561
379
0
432
316
1011
776
879
467
869
622
717
0
686
230
333
884
354
312
705
0
45
59
183
798
722
268
671
965
337
305
0
718
189
936
10
175
687
891
644
0
489
339
824
152
569
134
13
925
447
0
950
492
778
108
267
475
378
940
416
717
0
920
411
412
831
423
589
494
289
209
0
780
550
831
935
94
0
948
1020
389
644
947
882
0
30
126
875
410
0
268
103
267
163
514
0
995
939
0
466
0
456
470
986
1006
276
898
0
219
823
73
608
443
1020
467
841
27
0
693
437
640
962
540
907
100
31
563
70
0
810
0
151
244
1009
114
227
260
1014
0
479
0
380
65
230
0
532
48
406
103
742
844
743
679
0
625
779
395
165
852
342
978
0
495
199
347
611
426
610
600
734
66
0
91
131
622
471
664
671
0
769
390
698
0
44
37
90
825
432
258
652
776
211
0
247
410
342
860
0
954
436
549
1021
828
643
129
425
89
0
71
0
540
463
640
3
507
679
95
0
86
353
962
864
0
955
86
978
275
947
794
204
0
320
200
165
963
330
590
0
100
664
996
0
102
611
645
612
267
743
0
355
0
859
194
640
792
283
595
42
205
366
0
567
687
449
732
625
779
299
0
881
963
624
499
43
212
121
655
479
0
550
834
940
386
3
0
153
0
127
195
0
494
442
37
156
0
771
781
647
46
411
505
1009
0
1004
27
224
103
682
703
0
209
514
882
598
520
414
751
808
0
947
279
13
366
316
0
234
63
0
883
109
341
363
95
353
345
125
578
448
0
258
392
1021
775
252
0
270
668
320
53
187
0
332
202
612
651
375
0
714
305
706
825
646
47
922
999
392
0
554
842
834
813
211
830
563
463
0
833
107
723
888
296
970
198
0
559
849
0
383
540
156
66
342
802
113
0
779
507
264
308
324
0
96
0
905
661
0
283
471
85
1008
337
382
953
0
883
488
361
736
871
901
0
937
220
672
28
459
426
535
725
737
0
800
835
375
0
472
351
965
0
439
949
257
821
879
792
0
342
130
0
190
6
262
105
228
935
133
688
338
670
0
52
509
166
888
0
848
337
213
789
257
0
715
515
450
0
284
108
916
415
502
81
423
0
188
652
677
323
315
1017
0
705
45
480
871
935
340
695
247
553
461
0
182
153
1021
632
724
0
740
615
0
217
699
94
984
889
746
638
0
38
631
159
746
0
639
592
588
981
264
837
509
727
318
0
882
315
0
582
596
15
174
267
235
0
363
0
742
87
0
930
125
443
66
871
98
0
441
688
664
705
500
150
410
818
0
267
108
119
851
706
137
3
975
374
878
0
570
597
403
380
502
528
825
570
377
923
0
818
586
919
500
0
44
910
884
888
0
994
1008
1006
676
122
1009
626
496
865
0
41
437
320
424
942
851
226
487
0
125
742
1023
713
0
498
779
681
386
638
546
539
0
529
520
260
653
507
887
124
347
0
168
784
0
592
703
955
820
166
0
945
910
133
636
522
633
0
180
1019
5
0
533
614
233
31
875
886
540
0
1013
887
520
156
648
0
750
327
0
545
495
693
468
0
828
79
904
437
473
59
0
478
786
0
67
1021
1000
0
882
515
658
870
379
0
1
2
782
753
329
0
274
826
0
742
182
815
823
61
227
271
123
658
749
0
602
818
0
577
738
766
67
371
612
446
527
0
451
0
344
0
603
618
584
0
337
768
377
0
831
606
406
954
240
132
0
842
952
724
0
665
466
466
14
55
915
543
672
0
830
1016
98
408
611
684
998
0
427
352
60
234
959
466
165
176
600
0
1020
528
709
392
0
152
859
186
207
749
732
0
67
0
873
165
946
462
852
921
387
254
0
448
488
182
916
656
358
494
639
354
0
325
748
169
0
584
358
685
308
0
542
0
602
393
543
0
857
370
421
219
626
672
0
92
854
563
748
190
32
364
546
31
689
0
200
142
0
558
830
139
625
349
517
203
0
37
730
574
409
129
796
12
801
0
104
632
1005
0
824
12
193
345
45
0
617
248
2
448
806
832
589
407
159
0
612
901
122
319
453
533
448
226
546
0
668
652
859
651
482
0
663
675
1006
711
535
600
959
540
23
0
349
614
126
508
700
738
387
824
0
842
333
483
43
0
708
713
508
544
339
990
177
0
643
158
691
155
758
625
0
783
342
20
375
469
530
0
184
0
874
219
736
184
703
781
42
386
0
551
932
811
518
84
791
0
245
459
294
1005
0
991
764
